6.869999999999999E-004
1.391000000000000E-003
9.499999999999999E-004
1.700000000000000E-003
7.630000000000000E-004
7.689999999999999E-004
7.870000000000002E-004
8.320000000000001E-004
1.801000000000000E-003
1.813000000000000E-003
8.270000000000003E-004
9.359999999999998E-004
9.770000000000002E-004
1.329000000000000E-003
8.600000000000001E-004
7.170000000000002E-004
1.216000000000000E-003
4.477000000000000E-003
1.214000000000000E-003
1.768000000000000E-003
1.655000000000000E-003
1.778000000000000E-003
2.684000000000000E-003
1.291000000000000E-003
9.289999999999999E-004
9.160000000000001E-004
9.290000000000001E-004
9.050000000000002E-004
6.899999999999999E-004
6.559999999999999E-004
6.210000000000000E-004
6.690000000000001E-004
1.407000000000000E-003
8.570000000000001E-004
1.301000000000000E-003
8.539999999999999E-004
9.490000000000000E-004
9.730000000000001E-004
7.880000000000001E-004
1.316000000000000E-003
7.970000000000002E-004
1.165000000000000E-003
1.222000000000000E-003
1.210000000000000E-003
1.605000000000000E-003
8.579999999999998E-004
1.650000000000000E-003
1.247000000000000E-003
1.756000000000000E-003
1.222000000000000E-003
2.301000000000000E-003
1.652000000000000E-003
1.984000000000000E-003
9.840000000000001E-004
1.446000000000000E-003
1.426000000000000E-003
1.417000000000000E-003
1.600000000000000E-003
1.053000000000000E-003
1.360000000000000E-003
1.116000000000000E-003
1.592000000000000E-003
1.079000000000000E-003
1.156000000000000E-003
2.391000000000000E-003
1.331000000000000E-003
2.282000000000000E-003
2.583000000000000E-003
1.738000000000000E-003
2.586000000000000E-003
8.509999999999998E-004
8.020000000000000E-004
8.130000000000001E-004
7.889999999999998E-004
1.907000000000000E-003
1.653000000000000E-003
2.251000000000000E-003
1.881000000000000E-003
1.566000000000000E-003
1.811000000000000E-003
2.870000000000000E-003
1.675000000000000E-003
1.691000000000000E-003
2.297000000000000E-003
2.113000000000000E-003
1.690000000000000E-003
5.362000000000000E-003
1.215000000000000E-003
9.599999999999999E-004
1.196000000000000E-003
9.750000000000002E-004
1.660000000000000E-003
1.647000000000000E-003
1.096000000000000E-003
1.052000000000000E-003
1.068000000000000E-003
1.160000000000000E-003
1.047000000000000E-003
9.530000000000001E-004
9.880000000000002E-004
2.346000000000000E-003
3.095000000000000E-003
2.575000000000000E-003
3.653000000000000E-003
3.001000000000000E-003
3.076000000000001E-003
3.004000000000000E-003
3.263000000000000E-003
3.135000000000000E-003
2.987000000000000E-003
3.367999999999999E-003
3.322000000000000E-003
3.948000000000000E-003
3.490000000000000E-003
3.481000000000000E-003
4.305000000000000E-003
4.068000000000000E-003
1.589000000000000E-003
1.610000000000000E-003
1.641000000000000E-003
4.215000000000000E-003
1.496000000000000E-003
1.484000000000000E-003
1.485000000000000E-003
4.437000000000000E-003
2.065000000000000E-003
1.312000000000000E-003
3.915000000000000E-003
2.969000000000000E-003
5.067000000000000E-003
4.347000000000000E-003
4.292000000000000E-003
1.766000000000000E-003
1.740000000000000E-003
1.859000000000000E-003
3.838000000000000E-003
3.434000000000000E-003
1.803000000000000E-003
1.993000000000000E-003
1.921000000000000E-003
3.444000000000000E-003
1.771000000000000E-003
1.647000000000000E-003
1.674000000000000E-003
1.661000000000000E-003
3.919000000000001E-003
3.876000000000001E-003
3.802000000000000E-003
3.690000000000000E-003
6.753000000000000E-003
1.712000000000000E-003
4.125000000000000E-003
6.057000000000000E-003
2.290000000000000E-003
2.658000000000000E-003
2.251000000000000E-003
4.321999999999999E-003
4.146000000000000E-003
6.402000000000000E-003
2.876000000000000E-003
3.638000000000000E-003
2.380000000000000E-003
5.851000000000000E-003
3.229999999999999E-003
7.196000000000001E-003
2.719000000000000E-003
7.984000000000000E-003
3.242000000000000E-003
4.130000000000000E-003
7.157000000000000E-003
4.139000000000000E-003
3.203000000000000E-003
3.445000000000000E-003
7.710999999999999E-003
3.557000000000000E-003
4.107000000000000E-003
3.229000000000000E-003
3.166000000000000E-003
4.597000000000000E-003
4.740000000000000E-003
8.281000000000000E-003
6.617000000000000E-003
5.046000000000000E-003
7.346999999999999E-003
4.027999999999999E-003
6.879000000000000E-003
4.777000000000000E-003
2.691000000000000E-003
1.005000000000000E-002
6.914999999999999E-003
6.898000000000000E-003
3.856000000000000E-003
3.937000000000000E-003
7.348000000000000E-003
6.528999999999999E-003
6.100000000000000E-003
6.782000000000000E-003
4.986000000000001E-003
6.379000000000001E-003
3.412999999999999E-003
1.160600000000000E-002
7.969000000000000E-003
5.516000000000000E-003
4.222999999999999E-003
6.337000000000000E-003
1.042000000000000E-002
7.936000000000000E-003
6.090000000000000E-003
4.772000000000000E-003
8.477999999999999E-003
1.470600000000000E-002
7.778000000000000E-003
5.710999999999999E-003
1.110000000000000E-002
1.046400000000000E-002
7.967000000000000E-003
8.276000000000000E-003
7.480000000000001E-003
4.844000000000000E-003
7.077999999999999E-003
1.051500000000000E-002
1.300800000000000E-002
1.126600000000000E-002
1.139500000000000E-002
1.212100000000000E-002
1.127000000000000E-002
1.386500000000000E-002
1.280900000000000E-002
1.390000000000000E-002
1.173900000000000E-002
1.757400000000000E-002
1.896900000000000E-002
9.734000000000000E-003
1.060100000000000E-002
1.205200000000000E-002
1.093300000000000E-002
9.523000000000000E-003
8.983000000000000E-003
1.683700000000000E-002
9.277000000000001E-003
1.394000000000000E-002
1.620000000000000E-002
1.753200000000000E-002
7.402000000000001E-003
8.489000000000000E-003
1.677700000000000E-002
1.670600000000000E-002
1.508600000000000E-002
1.507000000000000E-002
1.188200000000000E-002
